31234,1234.0,3456,63541111234,1234.0,3456,635311234,1234.01234,1234.0,3456,635131234,1234.0,3456,63541234,1234.01234,1234.031234,1234.0,3456,63541234,1234.0,3456,6353111234,1234.0,3456,6351234,1234.0,3456,635431234,1234.0,3456,6351234,1234.1234,1234.01234,1234.0,3456,635131234,1234.0,3456,6354331234,1234.1234,1234.0,3456,635431234,1234
.0,3456,635411234,1234.1234,1234.011234,1234.031234,1234.0,3456,63511234,1234.
3
1
1234,1234.0,3456,635
1234,1234.0,3456,
6354
3
3
3
3
1234,1234.0
1
1234,1234.
3
1
1234,1234.
1234,1234.0,3456,6354
1234,1234.0,3456,635
3
1
1
1
1
1234,1234.0,3456,635
1234,1234.
3
1
1234,1234.0
1234,1234.0,3456,635
1

1234,1234.0,3456,635
1234,1234.0,3456,635
1234,1234.0,3456,635
1234,1234.0,3456,6354
1
1
3
1234,1234.0,3456,6354
